33
9
10
11
55
7
6
4
3
93
60
115
126
82
104
49
31
38
34
88
29
28
32
24
27
163
44
164
148
99
161
77
160
45
121
16
36
26
83
158
98
89
156
35
97
56
90
37
159
17
95
57
94
18
20
22
47
15
54
92
68
21
137
48
79
71
86
46
42
50
128
40
43
143
51
127
144
80
155
84
53
131
81
133
87
119
91
130
101
58
145
39
134
125
124
150
78
59
157
67
122
102
113
100
66
64
61
120
129
147
106
108
123
76
109
149
65
154
153
69
72
70
146
75
116
73
114
117
138
135
103
112
152
74
105
132
141
136
62
85
139
118
142
162
107
63
151
96
140
41
52
0
1
2
5
111
110
8
12
13
14
19
23
30
25
