60
16
82
160
161
6
158
4
157
156
3
38
93
155
154
7
1
2
49
10
104
9
5
27
94
126
130
95
0
26
91
24
119
11
23
89
128
92
22
97
84
28
29
115
90
50
14
51
13
31
44
33
39
55
80
125
123
122
53
20
54
74
71
83
47
12
15
17
86
32
45
127
46
124
21
35
34
40
42
25
18
120
66
113
48
36
64
77
88
111
43
79
98
81
99
116
78
68
110
114
117
37
65
112
57
102
58
56
129
121
100
143
62
59
141
145
72
146
147
144
61
106
101
73
150
108
103
69
87
19
149
133
70
96
8
105
41
67
52
75
135
63
139
138
30
132
76
134
136
85
118
140
107
151
152
153
148
142
137
131
159
109
162
163
164
